0.1152774 -0.9933333 0
-0.1467345 -0.98 0.1344208
0.02238429 -0.9666666 -0.255058
0.1836999 -0.9533333 0.2396037
-0.3359591 -0.94 -0.05942631
0.3171542 -0.9266667 -0.2017476
-0.1057138 -0.9133334 0.3932516
-0.2009051 -0.9 -0.3868296
0.4343509 -0.8866667 0.1586239
-0.4502699 -0.8733333 0.1858652
0.2162859 -0.86 -0.4621909
0.1592562 -0.8466666 0.5077333
-0.478264 -0.8333333 -0.2771625
0.5590134 -0.82 -0.1228986
-0.3399045 -0.8066667 0.483481
-0.07823665 -0.7933334 -0.6037394
0.4785023 -0.78 0.4032811
-0.6414971 -0.7666667 0.02652874
0.4661532 -0.7533333 -0.4638858
-0.03106803 -0.74 0.671889
-0.4401613 -0.7266667 -0.5274595
0.6945662 -0.7133333 0.09345242
-0.5862099 -0.7 0.4078701
0.1595566 -0.6866667 -0.7092465
0.3675878 -0.6733333 0.6414838
-0.7157262 -0.66 -0.2283331
0.6924372 -0.6466666 -0.3199267
-0.2987621 -0.6333333 0.7138838
-0.2655528 -0.62 -0.7382965
0.7036881 -0.6066667 0.3698358
-0.7783685 -0.5933333 0.2051781
0.4405733 -0.58 -0.6851972
0.1395593 -0.5666667 0.8120419
-0.6585588 -0.5533333 -0.510022
0.8387911 -0.54 -0.06949429
-0.5772648 -0.5266666 0.6240093
0.004184546 -0.5133333 -0.8581791
0.581871 -0.5 0.6414251
-0.8698601 -0.4866666 -0.08061672
0.701675 -0.4733333 -0.5325484
-0.1589215 -0.46 0.8735811
-0.4765236 -0.4466667 -0.7572412
0.8691837 -0.4333333 0.2382059
-0.8074113 -0.42 0.4143514
0.3175737 -0.4066667 -0.8566033
0.3466523 -0.3933333 0.8515405
-0.8358697 -0.38 -0.3961335
0.8890564 -0.3666666 -0.2741062
-0.4730019 -0.3533333 0.8071089
-0.1974519 -0.34 -0.9194633
0.7705266 -0.3266667 0.547337
-0.9423522 -0.3133333 0.1174509
0.6183088 -0.3 -0.7264256
0.03492076 -0.2866667 0.9573938
-0.6751893 -0.2733333 -0.6851338
0.9643492 -0.26 0.049301
-0.7470754 -0.2466667 0.6172795
0.1343594 -0.2333333 -0.9630696
0.5532314 -0.22 0.8034519
-0.953497 -0.2066666 -0.219391
0.8536437 -0.1933333 -0.4836474
-0.303533 -0.18 0.9356643
-0.4091901 -0.1666666 -0.8970985
0.9096949 -0.1533333 0.3859327
-0.9333382 -0.14 0.3305752
0.4657565 -0.1266667 -0.8758004
0.2485634 -0.1133333 0.9619625
-0.8342785 -0.09999998 -0.5421987
0.9826539 -0.08666664 -0.1639522
-0.6144897 -0.07333331 0.7855091
-0.07756729 -0.05999998 -0.99518
0.7299504 -0.04666664 0.6819052
-0.9993967 -0.03333331 -0.009746501
0.7437724 -0.01999998 -0.6681336
-0.09713428 -0.006666643 0.995249
-0.6006571 0.006666691 -0.7994789
0.9827713 0.02000003 0.1837403
-0.8484779 0.03333336 0.52818
0.2687173 0.04666669 -0.962088
0.4514151 0.06000002 0.8902946
-0.9334109 0.07333336 -0.3512354
0.9245312 0.0866667 -0.3711212
-0.4304911 0.1 0.8970382
-0.2880949 0.1133334 -0.9508716
0.8533502 0.1266667 0.5057163
-0.9690847 0.14 0.2031621
0.5761862 0.1533334 -0.8028065
0.1171692 0.1666667 0.9790269
-0.7459404 0.18 -0.6412276
0.9806441 0.1933334 -0.03097411
-0.7002259 0.2066667 0.6833538
0.05456321 0.22 -0.9739727
0.615711 0.2333334 0.7526324
-0.9591394 0.2466667 -0.1385897
0.7979701 0.26 -0.5437314
-0.2202684 0.2733334 0.9363604
-0.4681954 0.2866667 -0.8358321
0.9059438 0.3 0.2987739
-0.8659164 0.3133334 0.3898858
0.3733569 0.3266667 -0.8682704
0.3096541 0.34 0.8879833
-0.8238137 0.3533334 -0.443268
0.9018902 0.3666667 -0.2283631
-0.5078229 0.38 0.7731209
-0.1468895 0.3933334 -0.907586
0.7168113 0.4066667 0.5663955
-0.9051125 0.42 0.06611557
0.618425 0.4333334 -0.6555705
-0.01308049 0.4466667 0.8946049
-0.5901443 0.46 -0.6634226
0.8762908 0.4733334 0.08983307
-0.7009769 0.4866667 0.5213318
0.1632981 0.5000001 -0.8504903
0.4499781 0.5133334 0.7307588
-0.8176129 0.5266667 -0.2326614
0.7525263 0.54 -0.3769669
-0.2971467 0.5533333 0.7781556
-0.3032129 0.5666667 -0.7661271
0.7326988 0.58 0.3560231
-0.7715014 0.5933334 0.2296546
0.4086114 0.6066667 -0.6819034
0.1572464 0.6200001 0.768683
-0.6265057 0.6333334 -0.45429
0.7578003 0.6466667 -0.08695304
-0.492499 0.66 0.5673137
-0.01974286 0.6733333 -0.7390754
0.5052018 0.6866667 0.5227427
-0.7128219 0.7 -0.04341538
0.5445904 0.7133334 -0.4411085
-0.1015545 0.7266667 0.6794426
-0.3760324 0.7400001 -0.5576733
0.639424 0.7533334 0.1537064
-0.561677 0.7666667 0.3110322
0.1988942 0.78 -0.5933304
0.24723 0.7933334 0.5563268
-0.5417928 0.8066667 -0.2361131
0.54136 0.8200001 -0.1858207
-0.2642942 0.8333334 0.4854936
-0.1280936 0.8466667 -0.516476
0.4251398 0.8600001 0.2822339
-0.4812401 0.8733334 0.07547709
0.2884509 0.8866667 -0.3614114
0.02963229 0.9 0.4348814
-0.2948443 0.9133334 -0.2808719
0.3758125 0.9266667 0.007330833
-0.2560181 0.9400001 0.2255097
0.03225638 0.9533334 -0.3001916
0.151791 0.9666667 0.2061917
-0.1952421 0.98 -0.03847698
0.09845371 0.9933334 -0.05996353
